masked
get-contention      : 215.16857290267944
check-contention    : 0.4641082286834717
resample-contenders : 3.7646679878234863

masked-s200
cycle-check : 0.0802772045135498
root-check  : 0.002035856246948242
other       : 0.006742238998413086

masked-s200
cycle-check : 12.971035242080688
root-check  : 0.03513216972351074
other       : 0.24645757675170898

masked-gather-s200
cycle-check : 0.20253682136535645
root-check  : 0.033077239990234375
other       : 0.20560908317565918

masked-gather-s200000
cycle-check : 6.312755823135376
root-check  : 1.0899336338043213
other       : 9.214428663253784

