init
sample-noise                   : 0.26791882514953613
generate-point-mutations       : 0.06081199645996094
head-deref                     : 0.09000611305236816
energy                         : 2.142709970474243
metropolis-hastings-acceptance : 0.024512290954589844
splice-mutants                 : 43.85667109489441

init
sample-noise                   : 0.27644777297973633
generate-point-mutations       : 0.06254053115844727
head-deref                     : 0.09647870063781738
energy                         : 2.166921854019165
metropolis-hastings-acceptance : 0.025974273681640625
node-parity                    : 43.92933630943298
splice-mutants                 : 0.008656978607177734

test-any-reachable
sample-noise                   : 0.270768404006958
generate-point-mutations       : 0.06086897850036621
head-deref                     : 0.08897113800048828
energy                         : 2.1101720333099365
metropolis-hastings-acceptance : 0.02430415153503418
node-parity                    : 8.920483112335205
splice-mutants                 : 0.00922846794128418

more-detailed
sample-noise                   : 0.27965402603149414
generate-point-mutations       : 0.06247401237487793
head-deref                     : 0.08942198753356934
energy                         : 2.1119980812072754
metropolis-hastings-acceptance : 0.02403402328491211
parity-update                  : 0.18579506874084473
mat-mul                        : 8.534068584442139
any-reachable-test             : 0.17737722396850586
xor-a-digit                    : 8.106231689453125e-05
node-parity                    : 0.07695198059082031
reshape-accept                 : 0.00016951560974121094
splice_mutants                 : 0.008636713027954102

gather
sample-noise                   : 0.2079629898071289
generate-point-mutations       : 0.05918288230895996
head-deref                     : 0.08223295211791992
energy                         : 2.0808637142181396
metropolis-hastings-acceptance : 0.02432560920715332
gather                         : 0.044023990631103516
any-reachable-test             : 0.0065305233001708984
parity-update                  : 0.01786661148071289
fast                           : 0.0034074783325195312
node-parity                    : 0.0006906986236572266
reshape-accept                 : 0.00011229515075683594
splice_mutants                 : 0.008862018585205078

gather-summary
setup       : 2.5229332447052
node-parity : 0.07279229164123535

retiming-energy
setup           : 2.353163957595825
mutation-energy : 16.595839500427246
initial-energy  : 0.5484292507171631
setdown         : 0.5430400371551514

fast
setup           : 2.4392545223236084
mutation-energy : 4.4846320152282715
initial-energy  : 2.1356067657470703
setdown         : 19.307172060012817

slow
setup           : 13.313409328460693
mutation-energy : 104.48550367355347
initial-energy  : 3.1759586334228516
setdown         : 3.205756902694702

where-10-1
setup               : 0.7870011329650879
link-energy         : 2.7951412200927734
sentence-energy     : 7.516680717468262
metropolis-hastings : 0.39455199241638184
parity-assembly     : 0.8977723121643066

mult-10-1
setup               : 0.6814134120941162
link-energy         : 2.005758047103882
sentence-energy     : 10.126966714859009
metropolis-hastings : 0.2963438034057617
parity-assembly     : 0.7529888153076172

