w2v-initial
setup  : 0.16110014915466309
sample : 4.952224016189575
grad   : 50.04576873779297

w2v-padding-batch1000
setup  : 0.13069939613342285
sample : 6.145633220672607
grad   : 22.949139833450317

w2v-padding-batch1000
setup  : 0.14803719520568848
sample : 6.874574899673462
grad   : 24.987354516983032

