
setup  : 1266.0848317146301
sample : 1275.1668713092804
grad   : 1307.6966154575348


setup  : 0.23804926872253418
sample : 8.901430368423462
grad   : 32.988389015197754

